0: [1,1, 10,1]
1: [0,1, 2,1]
2: [1,1, 3,1]
3: [2,1, 4,1]
4: [3,1, 5,1, 14,1]
5: [4,1, 6,1]
6: [5,1, 7,1]
7: [6,1, 8,1]
8: [7,1, 9,1]
9: [8,1, 19,1]
10: [0,1, 11,1, 20,1]
11: [10,1, 12,1]
12: [11,1, 13,1]
13: [12,1, 14,1]
14: [4,1, 13,1, 15,1, 24,1]
15: [14,1, 16,1]
16: [15,1, 17,1]
17: [16,1, 18,1]
18: [17,1, 19,1]
19: [9,1, 18,1, 29,1]
20: [10,1, 21,1]
21: [20,1, 22,1]
22: [21,1, 23,1]
23: [22,1, 24,1]
24: [14,1, 23,1, 25,1]
25: [24,1, 26,1]
26: [25,1, 27,1]
27: [26,1, 28,1]
28: [27,1, 29,1]
29: [19,1, 28,1]
